,SID,Quartet,PosInQuartet,BN,TN,startTR,startTRReal,startTimeReal,planTime,execTime,feedbackTime,iti,expectedDigit1,expectedDigit2,expectedDigit3,expectedDigit4,expectedDigit5,pressedDigit1,pressedDigit2,pressedDigit3,pressedDigit4,pressedDigit5,releasedDigit1,releasedDigit2,releasedDigit3,releasedDigit4,releasedDigit5,reactionTime1,reactionTime2,reactionTime3,reactionTime4,reactionTime5,releaseTime1,releaseTime2,releaseTime3,releaseTime4,releaseTime5,isError,ExecutionTime,MovementTime,numCorrectDigits,rewThresh1,rewThresh2,QuartetType,Unnamed: 41,SN,planError,correct,ipi1,ipi2,ipi3,ipi4
0,100,AAAA,1,6.5,43.0,0.0,197.0,196478.0,1000.0,5000.0,1000.0,500.0,2.5,3.0,3.0,3.5,2.5,2.5,3.0,3.0,3.5,2.5,2.5,3.0,3.0,3.0,2.5,300.0,672.5,1137.5,1585.0,2012.5,475.0,847.5,1337.5,1747.5,2210.0,0.0,2210.0,109.58333333333326,5.0,1802.5,2255.0,3.0,,0.0,0.0,1.0,385.0,405.0,387.5,365.0
1,100,AAAA,2,4.0,50.0,0.0,245.0,244840.0,1000.0,5000.0,1000.0,500.0,3.0,3.0,3.0,3.0,2.0,3.0,3.0,3.0,3.0,2.0,3.0,3.0,3.0,3.0,2.0,335.0,790.0,1125.0,1650.0,2010.0,535.0,960.0,1400.0,1815.0,2235.0,0.0,2235.0,49.58333333333326,5.0,2000.0,2555.0,3.0,,0.0,0.0,1.0,375.0,345.0,380.0,315.0
2,100,AAAA,3,4.0,47.0,0.0,228.0,227791.0,1000.0,5000.0,1000.0,500.0,2.0,3.0,3.0,4.0,2.0,2.0,3.0,3.0,4.0,2.0,2.0,3.0,3.0,3.0,2.0,315.0,735.0,1155.0,1475.0,1810.0,505.0,925.0,1335.0,1685.0,1975.0,0.0,1990.0,-135.41666666666674,5.0,2000.0,2555.0,3.0,,0.0,0.0,1.0,455.0,390.0,370.0,290.0
3,100,AAAA,4,6.0,44.0,0.0,220.0,219221.0,1000.0,5000.0,1000.0,500.0,3.0,3.0,3.0,3.0,2.0,3.0,3.0,3.0,3.0,2.0,3.0,3.0,3.0,3.0,3.0,325.0,695.0,1115.0,1490.0,1765.0,525.0,860.0,1280.0,1650.0,1955.0,0.0,1955.0,-125.41666666666674,5.0,1845.0,2255.0,3.0,,0.0,0.0,1.0,380.0,320.0,330.0,285.0
4,100,AAMA,1,5.0,39.0,0.0,189.0,188258.0,1000.0,5000.0,1000.0,500.0,3.0,2.5,3.0,3.0,3.0,3.0,2.5,3.0,3.0,3.0,3.0,2.5,3.0,3.0,3.0,335.0,780.0,1317.5,1670.0,2030.0,535.0,937.5,1467.5,1822.5,2232.5,0.0,2272.5,212.08333333333326,5.0,1805.0,2325.0,1.0,,0.0,0.0,1.0,422.5,477.5,417.5,312.5
5,100,AAMA,2,6.0,30.0,0.0,144.0,143278.0,1000.0,5000.0,1000.0,500.0,3.0,2.5,3.0,3.0,3.0,3.0,2.5,3.0,3.0,3.0,3.0,2.5,3.0,3.0,3.0,292.5,635.0,1040.0,1467.5,1737.5,482.5,812.5,1215.0,1540.0,1940.0,0.0,2022.5,-20.416666666666742,5.0,1845.0,2255.0,1.0,,0.0,0.0,1.0,362.5,405.0,370.0,322.5
6,100,AAMA,3,5.5,41.0,0.0,190.0,189425.5,1000.0,5000.0,1000.0,500.0,3.0,3.0,3.0,3.0,3.0,3.0,3.0,3.0,3.0,3.0,3.0,3.0,3.0,3.0,3.0,342.5,695.0,1195.0,1557.5,1905.0,545.0,860.0,1297.5,1720.0,2112.5,0.0,2112.5,112.08333333333326,5.0,1825.0,2290.0,1.0,,0.0,0.0,1.0,347.5,440.0,355.0,335.0
7,100,AAMA,4,5.5,32.0,0.0,162.5,162281.0,1000.0,5000.0,1000.0,500.0,3.0,2.5,2.5,3.5,3.0,3.0,2.5,2.5,3.5,3.0,3.0,2.5,2.5,3.5,3.0,307.5,687.5,1127.5,1422.5,1747.5,515.0,817.5,1280.0,1587.5,1902.5,0.0,1932.5,-185.41666666666674,5.0,1805.0,2290.0,1.0,,0.0,0.0,1.0,382.5,405.0,322.5,272.5
8,100,AARA,1,5.0,33.0,0.0,151.5,151202.5,1000.0,5000.0,1000.0,500.0,3.0,3.0,4.0,3.0,3.0,3.0,3.0,4.0,3.0,3.0,3.0,3.0,4.0,3.0,3.0,315.0,745.0,1172.5,1565.0,1885.0,517.5,927.5,1370.0,1725.0,2095.0,0.0,2095.0,-65.41666666666674,5.0,1825.0,2325.0,2.0,,0.0,0.0,1.0,370.0,412.5,390.0,322.5
9,100,AARA,2,4.0,30.0,0.0,146.0,145975.0,1000.0,5000.0,1000.0,500.0,3.0,3.0,3.0,3.0,3.0,3.0,3.0,3.0,3.0,3.0,3.0,3.0,3.0,3.0,3.0,330.0,655.0,1100.0,1470.0,1890.0,535.0,850.0,1250.0,1745.0,2045.0,0.0,2045.0,19.583333333333258,5.0,2000.0,2555.0,2.0,,0.0,0.0,1.0,385.0,395.0,335.0,335.0
10,100,AARA,3,6.0,35.0,0.0,157.0,156955.0,1000.0,5000.0,1000.0,500.0,3.0,3.0,3.0,3.0,3.0,3.0,3.0,3.0,3.0,3.0,3.0,3.0,3.0,3.0,3.0,320.0,755.0,1275.0,1610.0,1945.0,520.0,935.0,1440.0,1815.0,2095.0,0.0,2095.0,94.58333333333326,5.0,1805.0,2255.0,2.0,,0.0,0.0,1.0,435.0,375.0,395.0,320.0
11,100,AARA,4,6.0,40.0,0.0,183.0,182256.0,1000.0,5000.0,1000.0,500.0,3.0,3.0,4.0,3.0,3.0,3.0,3.0,4.0,3.0,3.0,3.0,3.0,4.0,3.0,3.0,265.0,665.0,1120.0,1630.0,1895.0,475.0,885.0,1210.0,1720.0,2060.0,0.0,2060.0,-65.41666666666674,5.0,1845.0,2255.0,2.0,,0.0,0.0,1.0,395.0,395.0,410.0,325.0
12,101,AAAA,1,5.0,41.0,0.0,163.0,162515.0,1000.0,5000.0,1000.0,500.0,3.0,3.0,4.0,4.0,3.0,3.0,3.0,4.0,4.0,3.0,3.0,3.0,4.0,4.0,3.0,410.0,600.0,835.0,1035.0,1255.0,540.0,760.0,980.0,1155.0,1360.0,0.0,1360.0,34.375,5.0,1235.0,1405.0,3.0,,1.0,0.0,1.0,210.0,210.0,200.0,210.0
13,101,AAAA,2,5.0,44.0,0.0,177.5,177448.0,1000.0,5000.0,1000.0,500.0,3.0,3.0,4.0,4.0,3.0,3.0,3.0,4.0,4.0,3.0,3.0,3.0,4.0,4.0,3.0,370.0,572.5,790.0,972.5,1167.5,507.5,720.0,930.0,1117.5,1287.5,0.0,1292.5,9.375,5.0,1232.5,1397.5,3.0,,1.0,0.0,1.0,210.0,217.5,212.5,197.5
14,101,AAAA,3,5.0,43.0,0.0,178.0,177876.0,1000.0,5000.0,1000.0,500.0,3.0,3.0,4.0,4.0,3.0,3.0,3.0,4.0,4.0,3.0,3.0,3.0,4.0,4.0,3.0,370.0,585.0,775.0,1000.0,1170.0,520.0,715.0,935.0,1140.0,1320.0,0.0,1320.0,4.375,5.0,1235.0,1405.0,3.0,,1.0,0.0,1.0,205.0,205.0,215.0,185.0
15,101,AAAA,4,5.5,42.0,0.0,166.0,165876.0,1000.0,5000.0,1000.0,500.0,3.0,3.0,3.5,4.0,3.0,3.0,3.0,3.5,4.0,3.0,3.0,3.0,3.5,4.0,3.0,335.0,530.0,750.0,955.0,1165.0,485.0,662.5,895.0,1090.0,1317.5,0.0,1317.5,-15.625,5.0,1235.0,1405.0,3.0,,1.0,0.0,1.0,205.0,200.0,200.0,187.5
16,101,AAMA,1,5.0,37.0,0.0,148.0,147461.0,1000.0,5000.0,1000.0,500.0,3.0,2.0,3.0,3.0,3.0,3.0,2.0,3.0,3.0,3.0,3.0,2.0,3.0,3.0,3.0,405.0,605.0,860.0,1085.0,1290.0,560.0,785.0,1025.0,1220.0,1390.0,0.0,1390.0,29.375,5.0,1230.0,1390.0,1.0,,1.0,0.0,1.0,190.0,235.0,200.0,200.0
17,101,AAMA,2,5.0,38.0,0.0,150.5,149716.0,1000.0,5000.0,1000.0,500.0,3.0,2.0,3.0,4.0,3.0,3.0,2.0,3.0,4.0,3.0,3.0,2.0,3.0,4.0,3.0,375.0,567.5,762.5,975.0,1152.5,515.0,705.0,915.0,1130.0,1290.0,0.0,1290.0,-43.125,5.0,1232.5,1397.5,1.0,,1.0,0.0,1.0,182.5,215.0,190.0,185.0
18,101,AAMA,3,5.0,39.0,0.0,162.0,161082.5,1000.0,5000.0,1000.0,500.0,3.0,2.0,2.0,3.0,3.0,3.0,2.0,2.0,3.0,3.0,3.0,2.0,2.0,3.0,3.0,400.0,580.0,795.0,1010.0,1212.5,560.0,742.5,955.0,1175.0,1357.5,0.0,1357.5,-13.125,5.0,1235.0,1405.0,1.0,,1.0,0.0,1.0,185.0,210.0,195.0,202.5
19,101,AAMA,4,5.0,36.0,0.0,151.5,151167.5,1000.0,5000.0,1000.0,500.0,3.0,2.0,3.0,3.0,3.5,3.0,2.0,3.0,3.0,3.5,3.0,2.0,3.0,3.0,3.5,377.5,562.5,810.0,1000.0,1182.5,532.5,717.5,922.5,1155.0,1330.0,0.0,1330.0,-30.625,5.0,1235.0,1405.0,1.0,,1.0,0.0,1.0,182.5,225.0,185.0,187.5
20,101,AARA,1,5.0,31.0,0.0,125.5,124995.5,1000.0,5000.0,1000.0,500.0,3.0,3.0,3.0,3.0,3.0,3.0,3.0,3.0,3.0,3.0,3.0,3.0,3.0,3.0,3.0,425.0,635.0,827.5,1032.5,1237.5,582.5,765.0,977.5,1172.5,1360.0,0.0,1365.0,19.375,5.0,1235.0,1405.0,2.0,,1.0,0.0,1.0,202.5,212.5,205.0,182.5
21,101,AARA,2,5.0,30.0,0.0,125.5,125248.0,1000.0,5000.0,1000.0,500.0,3.0,3.0,3.0,2.5,3.0,3.0,3.0,3.0,2.5,3.0,3.0,3.0,3.0,2.5,3.0,390.0,577.5,790.0,985.0,1165.0,552.5,722.5,935.0,1127.5,1337.5,0.0,1337.5,16.875,5.0,1230.0,1390.0,2.0,,1.0,0.0,1.0,195.0,217.5,195.0,185.0
22,101,AARA,3,5.0,35.0,0.0,136.0,135798.0,1000.0,5000.0,1000.0,500.0,3.0,3.0,3.0,3.0,3.0,3.0,3.0,3.0,3.0,3.0,3.0,3.0,3.0,3.0,3.0,407.5,605.0,815.0,1025.0,1225.0,567.5,752.5,950.0,1182.5,1370.0,0.0,1370.0,1.875,5.0,1235.0,1405.0,2.0,,1.0,0.0,1.0,200.0,207.5,215.0,195.0
23,101,AARA,4,6.0,32.0,0.0,133.5,133050.5,1000.0,5000.0,1000.0,500.0,3.0,3.0,3.0,2.5,3.0,3.0,3.0,3.0,2.5,3.0,3.0,3.0,3.0,2.5,3.0,395.0,620.0,790.0,1002.5,1177.5,567.5,755.0,950.0,1157.5,1325.0,0.0,1325.0,-13.125,5.0,1235.0,1405.0,2.0,,1.0,0.0,1.0,205.0,200.0,195.0,175.0
24,102,AAAA,1,6.0,29.0,0.0,130.0,129653.0,1000.0,5000.0,1000.0,500.0,3.0,3.0,3.0,3.0,3.0,3.0,3.0,3.0,3.0,3.0,3.0,3.0,3.0,3.0,3.0,340.0,640.0,1032.5,1457.5,1755.0,515.0,820.0,1212.5,1617.5,1947.5,0.0,1947.5,85.625,5.0,1500.0,1970.0,3.0,,2.0,0.0,1.0,307.5,307.5,347.5,277.5
25,102,AAAA,2,5.0,38.0,0.0,167.0,166890.0,1000.0,5000.0,1000.0,500.0,3.0,3.0,3.0,3.0,3.0,3.0,3.0,3.0,3.0,3.0,3.0,3.0,3.0,3.0,3.0,290.0,585.0,930.0,1240.0,1525.0,485.0,770.0,1095.0,1405.0,1705.0,0.0,1705.0,-124.375,5.0,1500.0,1970.0,3.0,,2.0,0.0,1.0,295.0,305.0,315.0,260.0
26,102,AAAA,3,5.0,35.0,0.0,149.5,149156.0,1000.0,5000.0,1000.0,500.0,3.0,3.0,3.0,3.5,3.0,3.0,3.0,3.0,3.5,3.0,3.0,3.0,3.0,3.0,3.0,315.0,610.0,942.5,1312.5,1572.5,495.0,780.0,1140.0,1502.5,1767.5,0.0,1767.5,-46.875,5.0,1555.0,1970.0,3.0,,2.0,0.0,1.0,295.0,297.5,327.5,240.0
27,102,AAAA,4,5.0,38.0,0.0,161.5,161301.0,1000.0,5000.0,1000.0,500.0,3.0,3.0,3.0,3.0,3.0,3.0,3.0,3.0,3.0,3.0,3.0,3.0,3.0,3.0,3.0,312.5,587.5,865.0,1195.0,1457.5,487.5,755.0,1062.5,1372.5,1627.5,0.0,1627.5,-149.375,5.0,1527.5,1940.0,3.0,,2.0,0.0,1.0,285.0,275.0,307.5,240.0
28,102,AAMA,1,5.0,31.0,0.0,139.0,138690.0,1000.0,5000.0,1000.0,500.0,3.0,3.5,3.0,3.0,3.0,3.0,3.5,3.0,3.0,3.0,3.0,3.5,3.0,3.0,3.0,317.5,632.5,1000.0,1402.5,1685.0,502.5,810.0,1157.5,1565.0,1842.5,0.0,1867.5,53.125,5.0,1555.0,1910.0,1.0,,2.0,0.0,1.0,310.0,342.5,402.5,275.0
29,102,AAMA,2,6.0,34.0,0.0,155.0,154785.0,1000.0,5000.0,1000.0,500.0,3.0,3.0,3.0,2.0,3.0,3.0,3.0,3.0,2.0,3.0,3.0,3.0,3.0,2.0,3.0,280.0,580.0,915.0,1250.0,1545.0,455.0,740.0,1060.0,1405.0,1715.0,0.0,1715.0,-4.375,5.0,1500.0,1910.0,1.0,,2.0,0.0,1.0,310.0,305.0,320.0,260.0
30,102,AAMA,3,5.0,35.0,0.0,162.0,161460.0,1000.0,5000.0,1000.0,500.0,3.0,3.0,2.0,2.0,3.0,3.0,3.0,2.0,2.0,3.0,3.0,3.0,2.0,2.0,3.0,300.0,565.0,925.0,1260.0,1595.0,465.0,740.0,1110.0,1430.0,1745.0,0.0,1745.0,-9.375,5.0,1500.0,1910.0,1.0,,2.0,0.0,1.0,290.0,335.0,305.0,260.0
31,102,AAMA,4,5.0,36.0,0.0,166.0,165825.0,1000.0,5000.0,1000.0,500.0,3.0,3.0,3.0,2.0,3.0,3.0,3.0,3.0,2.0,3.0,3.0,3.0,3.0,2.0,3.0,275.0,555.0,890.0,1190.0,1420.0,465.0,755.0,1045.0,1390.0,1585.0,0.0,1585.0,-69.375,5.0,1555.0,1910.0,1.0,,2.0,0.0,1.0,290.0,335.0,320.0,245.0
32,102,AARA,1,5.5,37.0,0.0,168.5,168430.5,1000.0,5000.0,1000.0,500.0,3.0,2.0,3.0,3.0,3.0,3.0,2.0,3.0,3.0,3.0,3.0,2.0,3.0,3.0,3.0,297.5,635.0,962.5,1462.5,1755.0,465.0,792.5,1160.0,1615.0,1915.0,0.0,1915.0,160.625,5.0,1527.5,1910.0,2.0,,2.0,0.0,1.0,302.5,330.0,385.0,260.0
33,102,AARA,2,5.0,40.0,0.0,177.0,176170.5,1000.0,5000.0,1000.0,500.0,3.0,2.5,3.0,3.0,2.5,3.0,2.5,3.0,3.0,2.5,3.0,2.5,3.0,3.0,2.5,305.0,565.0,927.5,1265.0,1565.0,467.5,747.5,1102.5,1472.5,1715.0,0.0,1715.0,-41.875,5.0,1555.0,1970.0,2.0,,2.0,0.0,1.0,272.5,330.0,322.5,245.0
34,102,AARA,3,6.0,41.0,0.0,181.0,180573.0,1000.0,5000.0,1000.0,500.0,3.0,3.0,3.0,2.5,3.0,3.0,3.0,3.0,2.5,3.0,3.0,3.0,3.0,2.5,3.0,295.0,590.0,917.5,1370.0,1662.5,455.0,767.5,1095.0,1515.0,1860.0,0.0,1860.0,128.125,5.0,1555.0,1970.0,2.0,,2.0,0.0,1.0,307.5,330.0,380.0,245.0
35,102,AARA,4,5.0,42.0,0.0,185.0,184603.0,1000.0,5000.0,1000.0,500.0,3.0,2.0,3.0,3.0,3.0,3.0,2.0,3.0,3.0,3.0,3.0,2.0,3.0,3.0,3.0,287.5,562.5,877.5,1222.5,1570.0,465.0,725.0,1055.0,1402.5,1725.0,0.0,1725.0,18.125,5.0,1527.5,1940.0,2.0,,2.0,0.0,1.0,287.5,325.0,330.0,250.0
36,104,AAAA,1,5.0,29.0,0.0,119.5,118665.0,1000.0,5000.0,1000.0,500.0,3.0,3.0,3.0,3.0,3.5,3.0,3.0,3.0,3.0,3.5,3.0,3.0,3.0,3.0,3.5,317.5,535.0,812.5,1085.0,1310.0,457.5,695.0,965.0,1235.0,1445.0,0.0,1447.5,58.54166666666674,5.0,1250.0,1550.0,3.0,,3.0,0.0,1.0,215.0,255.0,242.5,235.0
37,104,AAAA,2,5.0,30.0,0.0,122.5,121540.0,1000.0,5000.0,1000.0,500.0,2.0,3.0,3.0,3.0,3.0,2.0,3.0,3.0,3.0,3.0,2.0,3.0,3.0,3.0,3.0,285.0,480.0,730.0,945.0,1182.5,427.5,642.5,890.0,1112.5,1317.5,0.0,1317.5,-33.95833333333326,5.0,1250.0,1550.0,3.0,,3.0,0.0,1.0,202.5,240.0,217.5,192.5
38,104,AAAA,3,5.0,31.0,0.0,126.5,126348.0,1000.0,5000.0,1000.0,500.0,3.0,3.0,3.0,3.0,4.0,3.0,3.0,3.0,3.0,4.0,3.0,3.0,3.0,3.0,4.0,290.0,500.0,732.5,960.0,1197.5,427.5,645.0,877.5,1117.5,1320.0,0.0,1320.0,-71.45833333333326,5.0,1250.0,1550.0,3.0,,3.0,0.0,1.0,205.0,235.0,205.0,182.5
39,104,AAAA,4,5.5,32.0,0.0,130.5,130017.5,1000.0,5000.0,1000.0,500.0,3.0,3.0,3.0,3.0,3.0,3.0,3.0,3.0,3.0,3.0,3.0,3.0,3.0,3.0,3.0,270.0,480.0,697.5,915.0,1085.0,410.0,620.0,835.0,1077.5,1257.5,0.0,1257.5,-81.45833333333326,5.0,1235.0,1542.5,3.0,,3.0,0.0,1.0,205.0,220.0,212.5,170.0
40,104,AAMA,1,5.0,37.0,0.0,146.0,145680.0,1000.0,5000.0,1000.0,500.0,3.0,3.0,3.0,4.0,3.0,3.0,3.0,3.0,4.0,3.0,3.0,3.0,3.0,4.0,3.0,315.0,535.0,790.0,1070.0,1285.0,480.0,710.0,970.0,1205.0,1420.0,0.0,1420.0,16.041666666666742,5.0,1250.0,1550.0,1.0,,3.0,0.0,1.0,220.0,260.0,260.0,210.0
41,104,AAMA,2,6.0,38.0,0.0,150.0,149675.0,1000.0,5000.0,1000.0,500.0,3.0,3.0,3.0,4.0,3.0,3.0,3.0,3.0,4.0,3.0,3.0,3.0,3.0,4.0,3.0,277.5,482.5,720.0,957.5,1172.5,427.5,645.0,865.0,1120.0,1302.5,0.0,1302.5,-81.45833333333326,5.0,1220.0,1535.0,1.0,,3.0,0.0,1.0,205.0,235.0,222.5,187.5
42,104,AAMA,3,5.0,39.0,0.0,157.0,156260.0,1000.0,5000.0,1000.0,500.0,3.0,3.0,2.0,4.0,3.0,3.0,3.0,2.0,4.0,3.0,3.0,3.0,2.0,4.0,3.0,325.0,525.0,800.0,1075.0,1345.0,455.0,700.0,945.0,1265.0,1465.0,0.0,1465.0,46.04166666666674,5.0,1250.0,1550.0,1.0,,3.0,0.0,1.0,215.0,250.0,240.0,215.0
43,104,AAMA,4,5.0,42.0,0.0,171.5,170618.5,1000.0,5000.0,1000.0,500.0,3.0,2.5,3.0,3.5,3.0,3.0,2.5,3.0,3.5,3.0,3.0,2.5,3.0,3.5,3.0,295.0,517.5,752.5,977.5,1232.5,447.5,690.0,910.0,1162.5,1365.0,0.0,1365.0,-21.458333333333258,5.0,1250.0,1550.0,1.0,,3.0,0.0,1.0,212.5,235.0,225.0,210.0
44,104,AARA,1,5.0,33.0,0.0,135.0,134895.0,1000.0,5000.0,1000.0,500.0,3.0,2.0,3.0,4.0,3.0,3.0,2.0,3.0,4.0,3.0,3.0,2.0,3.0,4.0,3.0,315.0,550.0,870.0,1150.0,1480.0,470.0,690.0,1030.0,1300.0,1615.0,0.0,1615.0,156.04166666666674,5.0,1250.0,1550.0,2.0,,3.0,0.0,1.0,225.0,270.0,275.0,260.0
45,104,AARA,2,6.0,34.0,0.0,137.5,136925.0,1000.0,5000.0,1000.0,500.0,3.0,3.0,3.0,3.0,3.0,3.0,3.0,3.0,3.0,3.0,3.0,3.0,3.0,3.0,3.0,270.0,495.0,727.5,950.0,1160.0,425.0,645.0,875.0,1120.0,1305.0,0.0,1305.0,-81.45833333333326,5.0,1220.0,1535.0,2.0,,3.0,0.0,1.0,205.0,225.0,232.5,187.5
46,104,AARA,3,6.0,39.0,0.0,156.0,155681.0,1000.0,5000.0,1000.0,500.0,3.0,3.0,3.0,3.0,3.0,3.0,3.0,3.0,3.0,3.0,3.0,3.0,3.0,3.0,3.0,330.0,560.0,795.0,1070.0,1370.0,485.0,705.0,965.0,1265.0,1500.0,0.0,1500.0,96.04166666666674,5.0,1220.0,1535.0,2.0,,3.0,0.0,1.0,230.0,235.0,275.0,230.0
47,104,AARA,4,5.5,40.0,0.0,161.0,160543.0,1000.0,5000.0,1000.0,500.0,3.0,2.5,3.0,3.5,3.0,3.0,2.5,3.0,3.5,3.0,3.0,2.5,3.0,4.0,3.0,312.5,537.5,785.0,1050.0,1300.0,475.0,687.5,927.5,1202.5,1422.5,0.0,1422.5,-1.4583333333332575,5.0,1235.0,1542.5,2.0,,3.0,0.0,1.0,207.5,242.5,247.5,210.0
48,106,AAAA,1,5.0,33.0,0.0,140.0,139955.0,1000.0,5000.0,1000.0,500.0,3.0,3.0,3.0,3.0,3.0,3.0,3.0,3.0,3.0,3.0,3.0,3.0,3.0,3.0,3.0,360.0,545.0,895.0,1265.0,1620.0,535.0,750.0,1030.0,1415.0,1755.0,0.0,1755.0,136.66666666666674,5.0,1510.0,2070.0,3.0,,4.0,0.0,1.0,190.0,300.0,345.0,310.0
49,106,AAAA,2,6.0,34.0,0.0,146.0,145640.0,1000.0,5000.0,1000.0,500.0,3.0,3.0,3.0,3.0,3.0,3.0,3.0,3.0,3.0,3.0,3.0,3.0,3.0,3.0,3.0,335.0,565.0,895.0,1245.0,1520.0,510.0,705.0,1015.0,1430.0,1675.0,0.0,1690.0,-28.333333333333258,5.0,1550.0,2020.0,3.0,,4.0,0.0,1.0,200.0,300.0,330.0,240.0
50,106,AAAA,3,6.0,35.0,0.0,146.0,145070.0,1000.0,5000.0,1000.0,500.0,3.0,2.0,3.0,3.0,2.0,3.0,2.0,3.0,3.0,2.0,3.0,2.0,3.0,3.0,2.0,375.0,560.0,875.0,1255.0,1505.0,530.0,680.0,1050.0,1395.0,1645.0,0.0,1645.0,-33.33333333333326,5.0,1510.0,2020.0,3.0,,4.0,0.0,1.0,185.0,310.0,290.0,265.0
51,106,AAAA,4,6.0,36.0,0.0,150.0,149225.0,1000.0,5000.0,1000.0,500.0,3.0,2.0,3.0,3.0,3.0,3.0,2.0,3.0,3.0,3.0,3.0,2.0,3.0,3.0,3.0,355.0,505.0,865.0,1120.0,1340.0,520.0,695.0,990.0,1250.0,1485.0,0.0,1485.0,-173.33333333333326,5.0,1510.0,2020.0,3.0,,4.0,0.0,1.0,165.0,345.0,260.0,215.0
52,106,AAMA,1,6.0,41.0,0.0,174.0,173230.0,1000.0,5000.0,1000.0,500.0,2.0,3.0,3.0,3.0,3.0,2.0,3.0,3.0,3.0,3.0,2.0,3.0,3.0,3.0,3.0,410.0,610.0,985.0,1295.0,1660.0,550.0,815.0,1135.0,1430.0,1775.0,0.0,1775.0,46.66666666666674,5.0,1550.0,2020.0,1.0,,4.0,0.0,1.0,200.0,290.0,350.0,265.0
53,106,AAMA,2,5.5,40.0,0.0,169.5,169067.5,1000.0,5000.0,1000.0,500.0,2.0,3.0,3.0,3.0,3.0,2.0,3.0,3.0,3.0,3.0,2.0,3.0,3.0,3.0,3.0,357.5,567.5,895.0,1292.5,1532.5,535.0,737.5,1032.5,1415.0,1707.5,0.0,1707.5,46.66666666666674,5.0,1550.0,2045.0,1.0,,4.0,0.0,1.0,190.0,305.0,352.5,255.0
54,106,AAMA,3,6.0,43.0,0.0,182.5,182375.0,1000.0,5000.0,1000.0,500.0,2.0,3.0,3.0,3.0,3.5,2.0,3.0,3.0,3.0,3.5,2.0,3.0,3.0,3.0,3.5,355.0,507.5,915.0,1212.5,1520.0,525.0,715.0,1070.0,1320.0,1695.0,0.0,1695.0,-23.333333333333258,5.0,1510.0,2020.0,1.0,,4.0,0.0,1.0,177.5,362.5,315.0,252.5
55,106,AAMA,4,5.0,40.0,0.0,175.0,174455.0,1000.0,5000.0,1000.0,500.0,2.0,3.0,3.0,3.0,3.0,2.0,3.0,3.0,3.0,3.0,2.0,3.0,3.0,3.0,3.0,350.0,515.0,795.0,1160.0,1440.0,505.0,710.0,1005.0,1295.0,1555.0,0.0,1555.0,-68.33333333333326,5.0,1550.0,2070.0,1.0,,4.0,0.0,1.0,185.0,300.0,365.0,255.0
56,106,AARA,1,6.0,33.0,0.0,146.0,145095.0,1000.0,5000.0,1000.0,500.0,3.0,3.0,3.0,3.0,3.0,3.0,3.0,3.0,3.0,3.0,3.0,3.0,3.0,3.0,3.0,365.0,590.0,925.0,1345.0,1605.0,550.0,760.0,1140.0,1520.0,1735.0,0.0,1735.0,71.66666666666674,5.0,1550.0,2020.0,2.0,,4.0,0.0,1.0,195.0,370.0,345.0,280.0
57,106,AARA,2,6.0,34.0,0.0,150.0,149315.0,1000.0,5000.0,1000.0,500.0,3.0,3.0,3.0,3.0,3.0,3.0,3.0,3.0,3.0,3.0,3.0,3.0,3.0,3.0,3.0,350.0,525.0,820.0,1160.0,1505.0,505.0,685.0,985.0,1370.0,1660.0,0.0,1660.0,21.666666666666742,5.0,1510.0,2020.0,2.0,,4.0,0.0,1.0,190.0,275.0,310.0,270.0
58,106,AARA,3,6.0,35.0,0.0,154.0,153155.0,1000.0,5000.0,1000.0,500.0,3.0,3.0,3.0,3.0,2.0,3.0,3.0,3.0,3.0,2.0,3.0,3.0,3.0,3.0,2.0,380.0,595.0,930.0,1280.0,1625.0,550.0,745.0,1090.0,1465.0,1765.0,0.0,1765.0,31.666666666666742,5.0,1510.0,2020.0,2.0,,4.0,0.0,1.0,195.0,325.0,355.0,315.0
59,106,AARA,4,6.0,40.0,0.0,190.0,189735.0,1000.0,5000.0,1000.0,500.0,3.0,3.0,3.0,3.0,3.0,3.0,3.0,3.0,3.0,3.0,3.0,3.0,3.0,3.0,3.0,355.0,540.0,795.0,1195.0,1460.0,495.0,690.0,945.0,1390.0,1610.0,0.0,1610.0,-28.333333333333258,5.0,1510.0,2020.0,2.0,,4.0,0.0,1.0,200.0,305.0,315.0,265.0
60,107,AAAA,1,5.0,41.0,0.0,199.0,198800.0,1000.0,5000.0,1000.0,500.0,4.0,3.0,3.0,3.0,3.0,4.0,3.0,3.0,3.0,3.0,4.0,3.0,3.0,3.0,3.0,540.0,1030.0,1510.0,2035.0,2370.0,845.0,1255.0,1835.0,2265.0,2600.0,0.0,2600.0,143.54166666666674,5.0,2125.0,2590.0,3.0,,5.0,0.0,1.0,455.0,470.0,415.0,345.0
61,107,AAAA,2,5.0,50.0,0.0,249.0,248275.0,1000.0,5000.0,1000.0,500.0,3.0,3.0,3.0,3.0,3.0,3.0,3.0,3.0,3.0,3.0,3.0,3.0,3.0,3.0,3.0,500.0,975.0,1370.0,1785.0,2045.0,790.0,1205.0,1610.0,1995.0,2280.0,0.0,2280.0,-136.45833333333326,5.0,2125.0,2590.0,3.0,,5.0,0.0,1.0,390.0,415.0,375.0,300.0
62,107,AAAA,3,5.0,43.0,0.0,209.5,208923.0,1000.0,5000.0,1000.0,500.0,3.0,2.5,3.0,3.0,3.0,3.0,2.5,3.0,3.0,3.0,3.0,2.5,3.0,3.0,3.0,475.0,877.5,1280.0,1692.5,2017.5,730.0,1120.0,1535.0,1900.0,2217.5,0.0,2255.0,-118.95833333333326,5.0,2125.0,2590.0,3.0,,5.0,0.0,1.0,405.0,385.0,367.5,305.0
63,107,AAAA,4,5.5,54.0,0.0,264.0,263440.5,1000.0,5000.0,1000.0,500.0,3.0,3.0,3.0,3.0,3.0,3.0,3.0,3.0,3.0,3.0,3.0,3.0,3.0,3.0,3.0,495.0,937.5,1277.5,1630.0,1940.0,747.5,1180.0,1540.0,1887.5,2152.5,0.0,2152.5,-216.45833333333326,5.0,2125.0,2612.5,3.0,,5.0,0.0,1.0,405.0,387.5,365.0,302.5
64,107,AAMA,1,4.0,33.0,0.0,165.0,164490.0,1000.0,5000.0,1000.0,500.0,3.0,4.0,4.0,3.0,3.0,3.0,4.0,4.0,3.0,3.0,3.0,4.0,4.0,3.0,3.0,500.0,935.0,1435.0,1830.0,2310.0,765.0,1185.0,1655.0,2040.0,2590.0,0.0,2590.0,163.54166666666674,5.0,2105.0,2635.0,1.0,,5.0,0.0,1.0,475.0,445.0,435.0,395.0
65,107,AAMA,2,5.0,38.0,0.0,186.5,185725.5,1000.0,5000.0,1000.0,500.0,3.0,4.0,3.5,3.5,2.0,3.0,4.0,3.5,3.5,2.0,3.0,4.0,3.5,3.5,2.0,470.0,902.5,1387.5,1772.5,2150.0,742.5,1140.0,1647.5,2035.0,2347.5,0.0,2347.5,63.54166666666674,5.0,2115.0,2590.0,1.0,,5.0,0.0,1.0,455.0,477.5,377.5,355.0
66,107,AAMA,3,5.0,33.0,0.0,163.0,162377.5,1000.0,5000.0,1000.0,500.0,3.0,3.0,2.0,3.0,2.0,3.0,3.0,2.0,3.0,2.0,3.0,3.0,2.0,3.0,2.0,555.0,967.5,1510.0,1972.5,2310.0,765.0,1237.5,1727.5,2260.0,2537.5,0.0,2537.5,176.04166666666674,5.0,2125.0,2590.0,1.0,,5.0,0.0,1.0,427.5,460.0,450.0,347.5
67,107,AAMA,4,5.0,32.0,0.0,157.0,156276.0,1000.0,5000.0,1000.0,500.0,3.0,3.0,4.0,3.0,3.0,3.0,3.0,4.0,3.0,3.0,3.0,3.0,4.0,3.0,3.0,505.0,955.0,1495.0,1930.0,2225.0,785.0,1265.0,1740.0,2120.0,2470.0,0.0,2500.0,38.54166666666674,5.0,2125.0,2590.0,1.0,,5.0,0.0,1.0,440.0,465.0,380.0,340.0
68,107,AARA,1,5.0,29.0,0.0,145.5,145073.0,1000.0,5000.0,1000.0,500.0,3.0,3.0,3.0,2.5,3.0,3.0,3.0,3.0,2.5,3.0,3.0,3.0,3.0,2.5,3.0,555.0,940.0,1370.0,1790.0,2152.5,780.0,1192.5,1585.0,1985.0,2355.0,0.0,2385.0,28.541666666666742,5.0,2125.0,2612.5,2.0,,5.0,0.0,1.0,420.0,397.5,387.5,365.0
69,107,AARA,2,5.0,30.0,0.0,149.5,148995.0,1000.0,5000.0,1000.0,500.0,3.0,3.0,2.5,3.0,3.0,3.0,3.0,2.5,3.0,3.0,3.0,3.0,2.5,3.0,3.0,425.0,867.5,1297.5,1732.5,2060.0,712.5,1115.0,1505.0,1905.0,2250.0,0.0,2270.0,-31.458333333333258,5.0,2125.0,2612.5,2.0,,5.0,0.0,1.0,417.5,380.0,422.5,325.0
70,107,AARA,3,5.0,33.0,0.0,162.5,162237.5,1000.0,5000.0,1000.0,500.0,3.0,3.0,3.0,2.5,2.0,3.0,3.0,3.0,2.5,2.0,3.0,3.0,3.0,2.5,2.0,557.5,960.0,1417.5,1872.5,2260.0,805.0,1267.5,1667.5,2145.0,2437.5,0.0,2462.5,61.04166666666674,5.0,2125.0,2590.0,2.0,,5.0,0.0,1.0,390.0,440.0,472.5,325.0
71,107,AARA,4,5.0,32.0,0.0,158.0,157850.0,1000.0,5000.0,1000.0,500.0,2.0,3.0,3.0,3.0,3.0,2.0,3.0,3.0,3.0,3.0,2.0,3.0,3.0,3.0,3.0,455.0,840.0,1285.0,1635.0,2000.0,710.0,1090.0,1515.0,1790.0,2195.0,0.0,2195.0,-171.45833333333326,5.0,2125.0,2590.0,2.0,,5.0,0.0,1.0,410.0,425.0,370.0,340.0
72,109,AAAA,1,5.0,25.0,0.0,132.0,131985.0,1000.0,5000.0,1000.0,500.0,3.0,2.0,3.0,4.0,3.0,3.0,2.0,3.0,4.0,3.0,3.0,2.0,3.0,4.0,3.0,500.0,900.0,1275.0,1765.0,2075.0,715.0,1075.0,1430.0,1950.0,2260.0,0.0,2260.0,-28.75,5.0,1990.0,2780.0,3.0,,6.0,0.0,1.0,370.0,355.0,425.0,340.0
73,109,AAAA,2,5.5,28.0,0.0,139.5,139380.0,1000.0,5000.0,1000.0,500.0,3.0,2.5,3.0,3.0,3.0,3.0,2.5,3.0,3.0,3.0,3.0,2.5,3.0,3.0,3.0,462.5,802.5,1275.0,1807.5,2180.0,697.5,1020.0,1487.5,1982.5,2322.5,0.0,2322.5,43.75,5.0,1935.0,2690.0,3.0,,6.0,0.0,1.0,370.0,352.5,405.0,312.5
74,109,AAAA,3,6.0,35.0,0.0,164.0,163533.0,1000.0,5000.0,1000.0,500.0,3.0,2.5,3.5,3.0,3.0,3.0,2.5,3.5,3.0,3.0,3.0,2.5,3.5,3.0,3.0,447.5,840.0,1170.0,1570.0,1940.0,680.0,1017.5,1352.5,1720.0,2100.0,0.0,2100.0,-203.75,5.0,1990.0,2690.0,3.0,,6.0,0.0,1.0,340.0,310.0,325.0,310.0
75,109,AAAA,4,5.0,36.0,0.0,164.5,164183.0,1000.0,5000.0,1000.0,500.0,3.0,2.0,3.0,4.0,3.0,3.0,2.0,3.0,4.0,3.0,3.0,2.0,3.0,4.0,3.0,432.5,762.5,1085.0,1575.0,2017.5,647.5,965.0,1282.5,1740.0,2130.0,0.0,2192.5,-116.25,5.0,1990.0,2780.0,3.0,,6.0,0.0,1.0,345.0,312.5,370.0,297.5
76,109,AAMA,1,5.0,33.0,0.0,170.0,169615.0,1000.0,5000.0,1000.0,500.0,3.0,3.0,3.0,3.0,3.0,3.0,3.0,3.0,3.0,3.0,3.0,3.0,3.0,3.0,3.0,455.0,830.0,1255.0,1635.0,2070.0,655.0,995.0,1430.0,1795.0,2275.0,0.0,2275.0,-38.75,5.0,1990.0,2780.0,1.0,,6.0,0.0,1.0,365.0,315.0,400.0,320.0
77,109,AAMA,2,5.0,40.0,0.0,189.5,189238.5,1000.0,5000.0,1000.0,500.0,4.0,2.5,3.0,3.0,3.0,4.0,2.5,3.0,3.0,3.0,4.0,2.5,3.0,3.0,3.0,455.0,905.0,1345.0,1870.0,2217.5,690.0,1062.5,1517.5,2032.5,2430.0,0.0,2430.0,136.25,5.0,1990.0,2780.0,1.0,,6.0,0.0,1.0,372.5,355.0,430.0,322.5
78,109,AAMA,3,5.0,47.0,0.0,216.0,215925.0,1000.0,5000.0,1000.0,500.0,3.0,3.0,2.0,3.0,3.0,3.0,3.0,2.0,3.0,3.0,3.0,3.0,2.0,3.0,3.0,485.0,870.0,1355.0,1930.0,2260.0,720.0,1105.0,1550.0,2115.0,2395.0,0.0,2395.0,101.25,5.0,1935.0,2780.0,1.0,,6.0,0.0,1.0,370.0,385.0,445.0,340.0
79,109,AAMA,4,5.0,36.0,0.0,180.0,179262.5,1000.0,5000.0,1000.0,500.0,3.0,3.0,3.0,3.0,3.0,3.0,3.0,3.0,3.0,3.0,3.0,3.0,3.0,3.0,3.0,440.0,837.5,1282.5,1650.0,1947.5,667.5,1055.0,1477.5,1842.5,2165.0,0.0,2165.0,-118.75,5.0,1935.0,2780.0,1.0,,6.0,0.0,1.0,370.0,327.5,370.0,300.0
80,109,AARA,1,5.0,41.0,0.0,214.0,213545.0,1000.0,5000.0,1000.0,500.0,4.0,3.0,3.0,3.0,3.0,4.0,3.0,3.0,3.0,3.0,4.0,3.0,3.0,3.0,3.0,500.0,870.0,1435.0,1895.0,2330.0,735.0,1045.0,1625.0,2100.0,2475.0,0.0,2475.0,181.25,5.0,1990.0,2780.0,2.0,,6.0,0.0,1.0,375.0,385.0,405.0,375.0
81,109,AARA,2,5.0,42.0,0.0,231.0,230500.0,1000.0,5000.0,1000.0,500.0,4.0,3.0,4.0,3.0,3.0,4.0,3.0,4.0,3.0,3.0,4.0,3.0,4.0,3.0,3.0,485.0,880.0,1345.0,1700.0,2215.0,705.0,1065.0,1430.0,1895.0,2400.0,0.0,2400.0,41.25,5.0,1990.0,2780.0,2.0,,6.0,0.0,1.0,385.0,405.0,380.0,330.0
82,109,AARA,3,5.0,47.0,0.0,237.0,236940.0,1000.0,5000.0,1000.0,500.0,3.0,3.0,3.0,3.0,3.0,3.0,3.0,3.0,3.0,3.0,3.0,3.0,3.0,3.0,3.0,470.0,835.0,1220.0,1730.0,2115.0,725.0,1030.0,1400.0,1920.0,2325.0,0.0,2325.0,16.25,5.0,1990.0,2780.0,2.0,,6.0,0.0,1.0,360.0,320.0,385.0,390.0
83,109,AARA,4,6.0,44.0,0.0,235.0,234520.0,1000.0,5000.0,1000.0,500.0,4.0,3.0,3.0,3.0,3.0,4.0,3.0,3.0,3.0,3.0,4.0,3.0,3.0,3.0,3.0,465.0,850.0,1215.0,1695.0,2150.0,675.0,1015.0,1420.0,1910.0,2290.0,0.0,2290.0,-13.75,5.0,1990.0,2780.0,2.0,,6.0,0.0,1.0,345.0,360.0,390.0,350.0
